| Configuration: Fuel Internal - N2O External | | | | | | | | | | Configuration: N2O Internal - Fuel External | | | | | | | | |
| ------------------------------------------- | --------- | ---- | ---------- | ----------- | --------- | ------ | --------------------- | ----------------- | ------------ | ------------------------------------------- | | | ------------- | --------- | ---- | ---------- | ----------- | ------------------ |
| | | | | | | | | | | | | | | | | | | | | | | | | |
| Hole diameter | Hole area | Rows | Holes/Rows | Total holes | Mass flow | Error | Angular spacing [deg] | Arc distance [mm] | rPintle [mm] | Annulus width [mm] | | | Hole diameter | Hole area | Rows | Holes/Rows | Total holes | Mass flow | Error | Angular spacing [deg] | Arc distance [mm] | rPintle [mm] | Annulus width [mm] | |
| 0,50 mm | 0.19635 | 1 | 77 | 77 | 0.4644 | 0.26% | 4.68 | 0.120 | 7.60 | 0.86 | | | 0,50 mm | 0.1963495 | 1 | 234 | 234 | 1.3458 | 0.33% | 1.54 | \-0.296 | 7.60 | 0.31 | |
| 0,50 mm | 0.19635 | 1 | 77 | 77 | 0.4644 | 0.26% | 4.68 | 0.224 | 8.87 | 0.75 | | | 0,50 mm | 0.1963495 | 1 | 234 | 234 | 1.3458 | 0.33% | 1.54 | \-0.262 | 8.87 | 0.27 | |
| 0,50 mm | 0.19635 | 1 | 77 | 77 | 0.4644 | 0.26% | 4.68 | 0.327 | 10.13 | 0.66 | | | 0,50 mm | 0.1963495 | 1 | 234 | 234 | 1.3458 | 0.33% | 1.54 | \-0.228 | 10.13 | 0.24 | |
| 0,50 mm | 0.19635 | 1 | 77 | 77 | 0.4644 | 0.26% | 4.68 | 0.430 | 11.40 | 0.59 | | | 0,50 mm | 0.1963495 | 1 | 234 | 234 | 1.3458 | 0.33% | 1.54 | \-0.194 | 11.40 | 0.21 | |
| 0,50 mm | 0.19635 | 1 | 77 | 77 | 0.4644 | 0.26% | 4.68 | 0.534 | 12.67 | 0.53 | | | 0,50 mm | 0.1963495 | 1 | 234 | 234 | 1.3458 | 0.33% | 1.54 | \-0.160 | 12.67 | 0.19 | |
| 0,50 mm | 0.19635 | 2 | 38 | 76 | 0.4583 | 1.56% | 9.47 | 0.757 | 7.60 | 0.86 | | | 0,50 mm | 0.1963495 | 2 | 117 | 234 | 1.3458 | 0.33% | 3.08 | \-0.092 | 7.60 | 0.31 | |
| 0,50 mm | 0.19635 | 2 | 38 | 76 | 0.4583 | 1.56% | 9.47 | 0.966 | 8.87 | 0.75 | | | 0,50 mm | 0.1963495 | 2 | 117 | 234 | 1.3458 | 0.33% | 3.08 | \-0.024 | 8.87 | 0.27 | |
| 0,50 mm | 0.19635 | 2 | 38 | 76 | 0.4583 | 1.56% | 9.47 | 1.176 | 10.13 | 0.66 | | | 0,50 mm | 0.1963495 | 2 | 117 | 234 | 1.3458 | 0.33% | 3.08 | 0.044 | 10.13 | 0.24 | |
| 0,50 mm | 0.19635 | 2 | 38 | 76 | 0.4583 | 1.56% | 9.47 | 1.385 | 11.40 | 0.59 | | | 0,50 mm | 0.1963495 | 2 | 117 | 234 | 1.3458 | 0.33% | 3.08 | 0.112 | 11.40 | 0.21 | |
| 0,50 mm | 0.19635 | 2 | 38 | 76 | 0.4583 | 1.56% | 9.47 | 1.594 | 12.67 | 0.53 | | | 0,50 mm | 0.1963495 | 2 | 117 | 234 | 1.3458 | 0.33% | 3.08 | 0.180 | 12.67 | 0.19 | |
| 0,50 mm | 0.19635 | 3 | 25 | 75 | 0.4523 | 2.85% | 14.40 | 1.410 | 7.60 | 0.86 | | | 0,50 mm | 0.1963495 | 3 | 78 | 234 | 1.3458 | 0.33% | 4.62 | 0.112 | 7.60 | 0.31 | |
| 0,50 mm | 0.19635 | 3 | 25 | 75 | 0.4523 | 2.85% | 14.40 | 1.728 | 8.87 | 0.75 | | | 0,50 mm | 0.1963495 | 3 | 78 | 234 | 1.3458 | 0.33% | 4.62 | 0.214 | 8.87 | 0.27 | |
| 0,50 mm | 0.19635 | 3 | 25 | 75 | 0.4523 | 2.85% | 14.40 | 2.047 | 10.13 | 0.66 | | | 0,50 mm | 0.1963495 | 3 | 78 | 234 | 1.3458 | 0.33% | 4.62 | 0.316 | 10.13 | 0.24 | |
| 0,50 mm | 0.19635 | 3 | 25 | 75 | 0.4523 | 2.85% | 14.40 | 2.365 | 11.40 | 0.59 | | | 0,50 mm | 0.1963495 | 3 | 78 | 234 | 1.3458 | 0.33% | 4.62 | 0.418 | 11.40 | 0.21 | |
| 0,50 mm | 0.19635 | 3 | 25 | 75 | 0.4523 | 2.85% | 14.40 | 2.683 | 12.67 | 0.53 | | | 0,50 mm | 0.1963495 | 3 | 78 | 234 | 1.3458 | 0.33% | 4.62 | 0.520 | 12.67 | 0.19 | |
| 0,50 mm | 0.19635 | 4 | 19 | 76 | 0.4583 | 1.56% | 18.95 | 2.013 | 7.60 | 0.86 | | | 0,50 mm | 0.1963495 | 4 | 58 | 232 | 1.3343 | 1.18% | 6.21 | 0.323 | 7.60 | 0.31 | |
| 0,50 mm | 0.19635 | 4 | 19 | 76 | 0.4583 | 1.56% | 18.95 | 2.432 | 8.87 | 0.75 | | | 0,50 mm | 0.1963495 | 4 | 58 | 232 | 1.3343 | 1.18% | 6.21 | 0.461 | 8.87 | 0.27 | |
| 0,50 mm | 0.19635 | 4 | 19 | 76 | 0.4583 | 1.56% | 18.95 | 2.851 | 10.13 | 0.66 | | | 0,50 mm | 0.1963495 | 4 | 58 | 232 | 1.3343 | 1.18% | 6.21 | 0.598 | 10.13 | 0.24 | |
| 0,50 mm | 0.19635 | 4 | 19 | 76 | 0.4583 | 1.56% | 18.95 | 3.270 | 11.40 | 0.59 | | | 0,50 mm | 0.1963495 | 4 | 58 | 232 | 1.3343 | 1.18% | 6.21 | 0.735 | 11.40 | 0.21 | |
| 0,50 mm | 0.19635 | 4 | 19 | 76 | 0.4583 | 1.56% | 18.95 | 3.689 | 12.67 | 0.53 | | | 0,50 mm | 0.1963495 | 4 | 58 | 232 | 1.3343 | 1.18% | 6.21 | 0.872 | 12.67 | 0.19 | |
| 0,50 mm | 0.19635 | 5 | 15 | 75 | 0.4523 | 2.85% | 24.00 | 2.683 | 7.60 | 0.86 | | | 0,50 mm | 0.1963495 | 5 | 46 | 230 | 1.3228 | 2.03% | 7.83 | 0.538 | 7.60 | 0.31 | |
| 0,50 mm | 0.19635 | 5 | 15 | 75 | 0.4523 | 2.85% | 24.00 | 3.214 | 8.87 | 0.75 | | | 0,50 mm | 0.1963495 | 5 | 46 | 230 | 1.3228 | 2.03% | 7.83 | 0.711 | 8.87 | 0.27 | |
| 0,50 mm | 0.19635 | 5 | 15 | 75 | 0.4523 | 2.85% | 24.00 | 3.745 | 10.13 | 0.66 | | | 0,50 mm | 0.1963495 | 5 | 46 | 230 | 1.3228 | 2.03% | 7.83 | 0.884 | 10.13 | 0.24 | |
| 0,50 mm | 0.19635 | 5 | 15 | 75 | 0.4523 | 2.85% | 24.00 | 4.275 | 11.40 | 0.59 | | | 0,50 mm | 0.1963495 | 5 | 46 | 230 | 1.3228 | 2.03% | 7.83 | 1.057 | 11.40 | 0.21 | |
| 0,50 mm | 0.19635 | 5 | 15 | 75 | 0.4523 | 2.85% | 24.00 | 4.806 | 12.67 | 0.53 | | | 0,50 mm | 0.1963495 | 5 | 46 | 230 | 1.3228 | 2.03% | 7.83 | 1.230 | 12.67 | 0.19 | |
| | | | | | | | | | | | | | | | | | | | | | | | | |
| | | | | | | | | | | | | | | | | | | | | | | | | |
| Hole diameter | Hole area | Rows | Holes/Rows | Total holes | Mass flow | Error | Angular spacing [deg] | Arc distance [mm] | rPintle [mm] | Annulus width [mm] | | | Hole diameter | Hole area | Rows | Holes/Rows | Total holes | Mass flow | Error | Angular spacing [deg] | Arc distance [mm] | rPintle [mm] | Annulus width [mm] | |
| 0,60 mm | 0.282743 | 1 | 53 | 53 | 0.4603 | 1.14% | 6.79 | 0.301 | 7.60 | 0.86 | | | 0,60 mm | 0.2827433 | 1 | 163 | 163 | 1.3499 | 0.02% | 2.21 | \-0.307 | 7.60 | 0.31 | |
| 0,60 mm | 0.282743 | 1 | 53 | 53 | 0.4603 | 1.14% | 6.79 | 0.451 | 8.87 | 0.75 | | | 0,60 mm | 0.2827433 | 1 | 163 | 163 | 1.3499 | 0.02% | 2.21 | \-0.258 | 8.87 | 0.27 | |
| 0,60 mm | 0.282743 | 1 | 53 | 53 | 0.4603 | 1.14% | 6.79 | 0.601 | 10.13 | 0.66 | | | 0,60 mm | 0.2827433 | 1 | 163 | 163 | 1.3499 | 0.02% | 2.21 | \-0.209 | 10.13 | 0.24 | |
| 0,60 mm | 0.282743 | 1 | 53 | 53 | 0.4603 | 1.14% | 6.79 | 0.751 | 11.40 | 0.59 | | | 0,60 mm | 0.2827433 | 1 | 163 | 163 | 1.3499 | 0.02% | 2.21 | \-0.161 | 11.40 | 0.21 | |
| 0,60 mm | 0.282743 | 1 | 53 | 53 | 0.4603 | 1.14% | 6.79 | 0.902 | 12.67 | 0.53 | | | 0,60 mm | 0.2827433 | 1 | 163 | 163 | 1.3499 | 0.02% | 2.21 | \-0.112 | 12.67 | 0.19 | |
| 0,60 mm | 0.282743 | 2 | 26 | 52 | 0.4516 | 3.01% | 13.85 | 1.237 | 7.60 | 0.86 | | | 0,60 mm | 0.2827433 | 2 | 81 | 162 | 1.3416 | 0.63% | 4.44 | \-0.010 | 7.60 | 0.31 | |
| 0,60 mm | 0.282743 | 2 | 26 | 52 | 0.4516 | 3.01% | 13.85 | 1.543 | 8.87 | 0.75 | | | 0,60 mm | 0.2827433 | 2 | 81 | 162 | 1.3416 | 0.63% | 4.44 | 0.088 | 8.87 | 0.27 | |
| 0,60 mm | 0.282743 | 2 | 26 | 52 | 0.4516 | 3.01% | 13.85 | 1.849 | 10.13 | 0.66 | | | 0,60 mm | 0.2827433 | 2 | 81 | 162 | 1.3416 | 0.63% | 4.44 | 0.186 | 10.13 | 0.24 | |
| 0,60 mm | 0.282743 | 2 | 26 | 52 | 0.4516 | 3.01% | 13.85 | 2.155 | 11.40 | 0.59 | | | 0,60 mm | 0.2827433 | 2 | 81 | 162 | 1.3416 | 0.63% | 4.44 | 0.284 | 11.40 | 0.21 | |
| 0,60 mm | 0.282743 | 2 | 26 | 52 | 0.4516 | 3.01% | 13.85 | 2.461 | 12.67 | 0.53 | | | 0,60 mm | 0.2827433 | 2 | 81 | 162 | 1.3416 | 0.63% | 4.44 | 0.383 | 12.67 | 0.19 | |
| 0,60 mm | 0.282743 | 3 | 17 | 51 | 0.4429 | 4.87% | 21.18 | 2.209 | 7.60 | 0.86 | | | 0,60 mm | 0.2827433 | 3 | 54 | 162 | 1.3416 | 0.63% | 6.67 | 0.284 | 7.60 | 0.31 | |
| 0,60 mm | 0.282743 | 3 | 17 | 51 | 0.4429 | 4.87% | 21.18 | 2.677 | 8.87 | 0.75 | | | 0,60 mm | 0.2827433 | 3 | 54 | 162 | 1.3416 | 0.63% | 6.67 | 0.432 | 8.87 | 0.27 | |
| 0,60 mm | 0.282743 | 3 | 17 | 51 | 0.4429 | 4.87% | 21.18 | 3.145 | 10.13 | 0.66 | | | 0,60 mm | 0.2827433 | 3 | 54 | 162 | 1.3416 | 0.63% | 6.67 | 0.579 | 10.13 | 0.24 | |
| 0,60 mm | 0.282743 | 3 | 17 | 51 | 0.4429 | 4.87% | 21.18 | 3.613 | 11.40 | 0.59 | | | 0,60 mm | 0.2827433 | 3 | 54 | 162 | 1.3416 | 0.63% | 6.67 | 0.726 | 11.40 | 0.21 | |
| 0,60 mm | 0.282743 | 3 | 17 | 51 | 0.4429 | 4.87% | 21.18 | 4.082 | 12.67 | 0.53 | | | 0,60 mm | 0.2827433 | 3 | 54 | 162 | 1.3416 | 0.63% | 6.67 | 0.874 | 12.67 | 0.19 | |
| 0,60 mm | 0.282743 | 4 | 13 | 52 | 0.4516 | 3.01% | 27.69 | 3.073 | 7.60 | 0.86 | | | 0,60 mm | 0.2827433 | 4 | 40 | 160 | 1.3251 | 1.86% | 9.00 | 0.594 | 7.60 | 0.31 | |
| 0,60 mm | 0.282743 | 4 | 13 | 52 | 0.4516 | 3.01% | 27.69 | 3.685 | 8.87 | 0.75 | | | 0,60 mm | 0.2827433 | 4 | 40 | 160 | 1.3251 | 1.86% | 9.00 | 0.793 | 8.87 | 0.27 | |
| 0,60 mm | 0.282743 | 4 | 13 | 52 | 0.4516 | 3.01% | 27.69 | 4.298 | 10.13 | 0.66 | | | 0,60 mm | 0.2827433 | 4 | 40 | 160 | 1.3251 | 1.86% | 9.00 | 0.992 | 10.13 | 0.24 | |
| 0,60 mm | 0.282743 | 4 | 13 | 52 | 0.4516 | 3.01% | 27.69 | 4.910 | 11.40 | 0.59 | | | 0,60 mm | 0.2827433 | 4 | 40 | 160 | 1.3251 | 1.86% | 9.00 | 1.191 | 11.40 | 0.21 | |
| 0,60 mm | 0.282743 | 4 | 13 | 52 | 0.4516 | 3.01% | 27.69 | 5.522 | 12.67 | 0.53 | | | 0,60 mm | 0.2827433 | 4 | 40 | 160 | 1.3251 | 1.86% | 9.00 | 1.390 | 12.67 | 0.19 | |
| 0,60 mm | 0.282743 | 5 | 10 | 50 | 0.4342 | 6.74% | 36.00 | 4.175 | 7.60 | 0.86 | | | 0,60 mm | 0.2827433 | 5 | 32 | 160 | 1.3251 | 1.86% | 11.25 | 0.892 | 7.60 | 0.31 | |
| 0,60 mm | 0.282743 | 5 | 10 | 50 | 0.4342 | 6.74% | 36.00 | 4.971 | 8.87 | 0.75 | | | 0,60 mm | 0.2827433 | 5 | 32 | 160 | 1.3251 | 1.86% | 11.25 | 1.141 | 8.87 | 0.27 | |
| 0,60 mm | 0.282743 | 5 | 10 | 50 | 0.4342 | 6.74% | 36.00 | 5.767 | 10.13 | 0.66 | | | 0,60 mm | 0.2827433 | 5 | 32 | 160 | 1.3251 | 1.86% | 11.25 | 1.390 | 10.13 | 0.24 | |
| 0,60 mm | 0.282743 | 5 | 10 | 50 | 0.4342 | 6.74% | 36.00 | 6.563 | 11.40 | 0.59 | | | 0,60 mm | 0.2827433 | 5 | 32 | 160 | 1.3251 | 1.86% | 11.25 | 1.638 | 11.40 | 0.21 | |
| 0,60 mm | 0.282743 | 5 | 10 | 50 | 0.4342 | 6.74% | 36.00 | 7.359 | 12.67 | 0.53 | | | 0,60 mm | 0.2827433 | 5 | 32 | 160 | 1.3251 | 1.86% | 11.25 | 1.887 | 12.67 | 0.19 | |
| | | | | | | | | | | | | | | | | | | | | | | | | |
| | | | | | | | | | | | | | | | | | | | | | | | | |
| Hole diameter | Hole area | Rows | Holes/Rows | Total holes | Mass flow | Error | Angular spacing [deg] | Arc distance [mm] | rPintle [mm] | Annulus width [mm] | | | Hole diameter | Hole area | Rows | Holes/Rows | Total holes | Mass flow | Error | Angular spacing [deg] | Arc distance [mm] | rPintle [mm] | Annulus width [mm] | |
| 0,80 mm | 0.502655 | 1 | 30 | 30 | 0.4632 | 0.52% | 12.00 | 0.792 | 7.60 | 0.86 | | | 0,80 mm | 0.5026548 | 1 | 91 | 91 | 1.3398 | 0.77% | 3.96 | \-0.275 | 7.60 | 0.31 | |
| 0,80 mm | 0.502655 | 1 | 30 | 30 | 0.4632 | 0.52% | 12.00 | 1.057 | 8.87 | 0.75 | | | 0,80 mm | 0.5026548 | 1 | 91 | 91 | 1.3398 | 0.77% | 3.96 | \-0.188 | 8.87 | 0.27 | |
| 0,80 mm | 0.502655 | 1 | 30 | 30 | 0.4632 | 0.52% | 12.00 | 1.322 | 10.13 | 0.66 | | | 0,80 mm | 0.5026548 | 1 | 91 | 91 | 1.3398 | 0.77% | 3.96 | \-0.100 | 10.13 | 0.24 | |
| 0,80 mm | 0.502655 | 1 | 30 | 30 | 0.4632 | 0.52% | 12.00 | 1.588 | 11.40 | 0.59 | | | 0,80 mm | 0.5026548 | 1 | 91 | 91 | 1.3398 | 0.77% | 3.96 | \-0.013 | 11.40 | 0.21 | |
| 0,80 mm | 0.502655 | 1 | 30 | 30 | 0.4632 | 0.52% | 12.00 | 1.853 | 12.67 | 0.53 | | | 0,80 mm | 0.5026548 | 1 | 91 | 91 | 1.3398 | 0.77% | 3.96 | 0.075 | 12.67 | 0.19 | |
| 0,80 mm | 0.502655 | 2 | 15 | 30 | 0.4632 | 0.52% | 24.00 | 2.383 | 7.60 | 0.86 | | | 0,80 mm | 0.5026548 | 2 | 45 | 90 | 1.3251 | 1.86% | 8.00 | 0.261 | 7.60 | 0.31 | |
| 0,80 mm | 0.502655 | 2 | 15 | 30 | 0.4632 | 0.52% | 24.00 | 2.914 | 8.87 | 0.75 | | | 0,80 mm | 0.5026548 | 2 | 45 | 90 | 1.3251 | 1.86% | 8.00 | 0.438 | 8.87 | 0.27 | |
| 0,80 mm | 0.502655 | 2 | 15 | 30 | 0.4632 | 0.52% | 24.00 | 3.445 | 10.13 | 0.66 | | | 0,80 mm | 0.5026548 | 2 | 45 | 90 | 1.3251 | 1.86% | 8.00 | 0.615 | 10.13 | 0.24 | |
| 0,80 mm | 0.502655 | 2 | 15 | 30 | 0.4632 | 0.52% | 24.00 | 3.975 | 11.40 | 0.59 | | | 0,80 mm | 0.5026548 | 2 | 45 | 90 | 1.3251 | 1.86% | 8.00 | 0.792 | 11.40 | 0.21 | |
| 0,80 mm | 0.502655 | 2 | 15 | 30 | 0.4632 | 0.52% | 24.00 | 4.506 | 12.67 | 0.53 | | | 0,80 mm | 0.5026548 | 2 | 45 | 90 | 1.3251 | 1.86% | 8.00 | 0.969 | 12.67 | 0.19 | |
| 0,80 mm | 0.502655 | 3 | 10 | 30 | 0.4632 | 0.52% | 36.00 | 3.975 | 7.60 | 0.86 | | | 0,80 mm | 0.5026548 | 3 | 30 | 90 | 1.3251 | 1.86% | 12.00 | 0.792 | 7.60 | 0.31 | |
| 0,80 mm | 0.502655 | 3 | 10 | 30 | 0.4632 | 0.52% | 36.00 | 4.771 | 8.87 | 0.75 | | | 0,80 mm | 0.5026548 | 3 | 30 | 90 | 1.3251 | 1.86% | 12.00 | 1.057 | 8.87 | 0.27 | |
| 0,80 mm | 0.502655 | 3 | 10 | 30 | 0.4632 | 0.52% | 36.00 | 5.567 | 10.13 | 0.66 | | | 0,80 mm | 0.5026548 | 3 | 30 | 90 | 1.3251 | 1.86% | 12.00 | 1.322 | 10.13 | 0.24 | |
| 0,80 mm | 0.502655 | 3 | 10 | 30 | 0.4632 | 0.52% | 36.00 | 6.363 | 11.40 | 0.59 | | | 0,80 mm | 0.5026548 | 3 | 30 | 90 | 1.3251 | 1.86% | 12.00 | 1.588 | 11.40 | 0.21 | |
| 0,80 mm | 0.502655 | 3 | 10 | 30 | 0.4632 | 0.52% | 36.00 | 7.159 | 12.67 | 0.53 | | | 0,80 mm | 0.5026548 | 3 | 30 | 90 | 1.3251 | 1.86% | 12.00 | 1.853 | 12.67 | 0.19 | |
| 0,80 mm | 0.502655 | 4 | 7 | 28 | 0.4323 | 7.15% | 51.43 | 6.022 | 7.60 | 0.86 | | | 0,80 mm | 0.5026548 | 4 | 22 | 88 | 1.2956 | 4.04% | 16.36 | 1.371 | 7.60 | 0.31 | |
| 0,80 mm | 0.502655 | 4 | 7 | 28 | 0.4323 | 7.15% | 51.43 | 7.159 | 8.87 | 0.75 | | | 0,80 mm | 0.5026548 | 4 | 22 | 88 | 1.2956 | 4.04% | 16.36 | 1.732 | 8.87 | 0.27 | |
| 0,80 mm | 0.502655 | 4 | 7 | 28 | 0.4323 | 7.15% | 51.43 | 8.296 | 10.13 | 0.66 | | | 0,80 mm | 0.5026548 | 4 | 22 | 88 | 1.2956 | 4.04% | 16.36 | 2.094 | 10.13 | 0.24 | |
| 0,80 mm | 0.502655 | 4 | 7 | 28 | 0.4323 | 7.15% | 51.43 | 9.433 | 11.40 | 0.59 | | | 0,80 mm | 0.5026548 | 4 | 22 | 88 | 1.2956 | 4.04% | 16.36 | 2.456 | 11.40 | 0.21 | |
| 0,80 mm | 0.502655 | 4 | 7 | 28 | 0.4323 | 7.15% | 51.43 | 10.570 | 12.67 | 0.53 | | | 0,80 mm | 0.5026548 | 4 | 22 | 88 | 1.2956 | 4.04% | 16.36 | 2.818 | 12.67 | 0.19 | |
| 0,80 mm | 0.502655 | 5 | 6 | 30 | 0.4632 | 0.52% | 60.00 | 7.159 | 7.60 | 0.86 | | | 0,80 mm | 0.5026548 | 5 | 18 | 90 | 1.3251 | 1.86% | 20.00 | 1.853 | 7.60 | 0.31 | |
| 0,80 mm | 0.502655 | 5 | 6 | 30 | 0.4632 | 0.52% | 60.00 | 8.485 | 8.87 | 0.75 | | | 0,80 mm | 0.5026548 | 5 | 18 | 90 | 1.3251 | 1.86% | 20.00 | 2.295 | 8.87 | 0.27 | |
| 0,80 mm | 0.502655 | 5 | 6 | 30 | 0.4632 | 0.52% | 60.00 | 9.812 | 10.13 | 0.66 | | | 0,80 mm | 0.5026548 | 5 | 18 | 90 | 1.3251 | 1.86% | 20.00 | 2.737 | 10.13 | 0.24 | |
| 0,80 mm | 0.502655 | 5 | 6 | 30 | 0.4632 | 0.52% | 60.00 | 11.138 | 11.40 | 0.59 | | | 0,80 mm | 0.5026548 | 5 | 18 | 90 | 1.3251 | 1.86% | 20.00 | 3.179 | 11.40 | 0.21 | |
| 0,80 mm | 0.502655 | 5 | 6 | 30 | 0.4632 | 0.52% | 60.00 | 12.465 | 12.67 | 0.53 | | | 0,80 mm | 0.5026548 | 5 | 18 | 90 | 1.3251 | 1.86% | 20.00 | 3.622 | 12.67 | 0.19 | |
| | | | | | | | | | | | | | | | | | | | | | | | | |
| | | | | | | | | | | | | | | | | | | | | | | | | |
| Hole diameter | Hole area | Rows | Holes/Rows | Total holes | Mass flow | Error | Angular spacing [deg] | Arc distance [mm] | rPintle [mm] | Annulus width [mm] | | | Hole diameter | Hole area | Rows | Holes/Rows | Total holes | Mass flow | Error | Angular spacing [deg] | Arc distance [mm] | rPintle [mm] | Annulus width [mm] | |
| 1mm | 0.785398 | 1 | 19 | 19 | 0.4583 | 1.56% | 18.95 | 1.513 | 7.60 | 0.86 | | | 1mm | 0.7853982 | 1 | 58 | 58 | 1.334 | 1.18% | 6.21 | \-0.177 | 7.60 | 0.31 | |
| 1mm | 0.785398 | 1 | 19 | 19 | 0.4583 | 1.56% | 18.95 | 1.932 | 8.87 | 0.75 | | | 1mm | 0.7853982 | 1 | 58 | 58 | 1.334 | 1.18% | 6.21 | \-0.039 | 8.87 | 0.27 | |
| 1mm | 0.785398 | 1 | 19 | 19 | 0.4583 | 1.56% | 18.95 | 2.351 | 10.13 | 0.66 | | | 1mm | 0.7853982 | 1 | 58 | 58 | 1.334 | 1.18% | 6.21 | 0.098 | 10.13 | 0.24 | |
| 1mm | 0.785398 | 1 | 19 | 19 | 0.4583 | 1.56% | 18.95 | 2.770 | 11.40 | 0.59 | | | 1mm | 0.7853982 | 1 | 58 | 58 | 1.334 | 1.18% | 6.21 | 0.235 | 11.40 | 0.21 | |
| 1mm | 0.785398 | 1 | 19 | 19 | 0.4583 | 1.56% | 18.95 | 3.189 | 12.67 | 0.53 | | | 1mm | 0.7853982 | 1 | 58 | 58 | 1.334 | 1.18% | 6.21 | 0.372 | 12.67 | 0.19 | |
| 1mm | 0.785398 | 2 | 9 | 18 | 0.4342 | 6.74% | 40.00 | 4.306 | 7.60 | 0.86 | | | 1mm | 0.7853982 | 2 | 29 | 58 | 1.334 | 1.18% | 12.41 | 0.647 | 7.60 | 0.31 | |
| 1mm | 0.785398 | 2 | 9 | 18 | 0.4342 | 6.74% | 40.00 | 5.190 | 8.87 | 0.75 | | | 1mm | 0.7853982 | 2 | 29 | 58 | 1.334 | 1.18% | 12.41 | 0.921 | 8.87 | 0.27 | |
| 1mm | 0.785398 | 2 | 9 | 18 | 0.4342 | 6.74% | 40.00 | 6.074 | 10.13 | 0.66 | | | 1mm | 0.7853982 | 2 | 29 | 58 | 1.334 | 1.18% | 12.41 | 1.196 | 10.13 | 0.24 | |
| 1mm | 0.785398 | 2 | 9 | 18 | 0.4342 | 6.74% | 40.00 | 6.959 | 11.40 | 0.59 | | | 1mm | 0.7853982 | 2 | 29 | 58 | 1.334 | 1.18% | 12.41 | 1.470 | 11.40 | 0.21 | |
| 1mm | 0.785398 | 2 | 9 | 18 | 0.4342 | 6.74% | 40.00 | 7.843 | 12.67 | 0.53 | | | 1mm | 0.7853982 | 2 | 29 | 58 | 1.334 | 1.18% | 12.41 | 1.744 | 12.67 | 0.19 | |
| 1mm | 0.785398 | 3 | 6 | 18 | 0.4342 | 6.74% | 60.00 | 6.959 | 7.60 | 0.86 | | | 1mm | 0.7853982 | 3 | 19 | 57 | 1.311 | 2.88% | 18.95 | 1.513 | 7.60 | 0.31 | |
| 1mm | 0.785398 | 3 | 6 | 18 | 0.4342 | 6.74% | 60.00 | 8.285 | 8.87 | 0.75 | | | 1mm | 0.7853982 | 3 | 19 | 57 | 1.311 | 2.88% | 18.95 | 1.932 | 8.87 | 0.27 | |
| 1mm | 0.785398 | 3 | 6 | 18 | 0.4342 | 6.74% | 60.00 | 9.612 | 10.13 | 0.66 | | | 1mm | 0.7853982 | 3 | 19 | 57 | 1.311 | 2.88% | 18.95 | 2.351 | 10.13 | 0.24 | |
| 1mm | 0.785398 | 3 | 6 | 18 | 0.4342 | 6.74% | 60.00 | 10.938 | 11.40 | 0.59 | | | 1mm | 0.7853982 | 3 | 19 | 57 | 1.311 | 2.88% | 18.95 | 2.770 | 11.40 | 0.21 | |
| 1mm | 0.785398 | 3 | 6 | 18 | 0.4342 | 6.74% | 60.00 | 12.265 | 12.67 | 0.53 | | | 1mm | 0.7853982 | 3 | 19 | 57 | 1.311 | 2.88% | 18.95 | 3.189 | 12.67 | 0.19 | |
| 1mm | 0.785398 | 4 | 4 | 16 | 0.3860 | 17.10% | 90.00 | 10.938 | 7.60 | 0.86 | | | 1mm | 0.7853982 | 4 | 14 | 56 | 1.288 | 4.59% | 25.71 | 2.411 | 7.60 | 0.31 | |
| 1mm | 0.785398 | 4 | 4 | 16 | 0.3860 | 17.10% | 90.00 | 12.928 | 8.87 | 0.75 | | | 1mm | 0.7853982 | 4 | 14 | 56 | 1.288 | 4.59% | 25.71 | 2.979 | 8.87 | 0.27 | |
| 1mm | 0.785398 | 4 | 4 | 16 | 0.3860 | 17.10% | 90.00 | 14.917 | 10.13 | 0.66 | | | 1mm | 0.7853982 | 4 | 14 | 56 | 1.288 | 4.59% | 25.71 | 3.548 | 10.13 | 0.24 | |
| 1mm | 0.785398 | 4 | 4 | 16 | 0.3860 | 17.10% | 90.00 | 16.907 | 11.40 | 0.59 | | | 1mm | 0.7853982 | 4 | 14 | 56 | 1.288 | 4.59% | 25.71 | 4.116 | 11.40 | 0.21 | |
| 1mm | 0.785398 | 4 | 4 | 16 | 0.3860 | 17.10% | 90.00 | 18.897 | 12.67 | 0.53 | | | 1mm | 0.7853982 | 4 | 14 | 56 | 1.288 | 4.59% | 25.71 | 4.685 | 12.67 | 0.19 | |
| 1mm | 0.785398 | 5 | 3 | 15 | 0.3618 | 22.28% | 120.00 | 14.917 | 7.60 | 0.86 | | | 1mm | 0.7853982 | 5 | 11 | 55 | 1.265 | 6.29% | 32.73 | 3.341 | 7.60 | 0.31 | |
| 1mm | 0.785398 | 5 | 3 | 15 | 0.3618 | 22.28% | 120.00 | 17.570 | 8.87 | 0.75 | | | 1mm | 0.7853982 | 5 | 11 | 55 | 1.265 | 6.29% | 32.73 | 4.065 | 8.87 | 0.27 | |
| 1mm | 0.785398 | 5 | 3 | 15 | 0.3618 | 22.28% | 120.00 | 20.223 | 10.13 | 0.66 | | | 1mm | 0.7853982 | 5 | 11 | 55 | 1.265 | 6.29% | 32.73 | 4.788 | 10.13 | 0.24 | |
| 1mm | 0.785398 | 5 | 3 | 15 | 0.3618 | 22.28% | 120.00 | 22.876 | 11.40 | 0.59 | | | 1mm | 0.7853982 | 5 | 11 | 55 | 1.265 | 6.29% | 32.73 | 5.512 | 11.40 | 0.21 | |
| 1mm | 0.785398 | 5 | 3 | 15 | 0.3618 | 22.28% | 120.00 | 25.529 | 12.67 | 0.53 | | | 1mm | 0.7853982 | 5 | 11 | 55 | 1.265 | 6.29% | 32.73 | 6.235 | 12.67 | 0.19 | |
| | | | | | | | | | | | | | | | | | | | | | | | | |
| | | | | | | | | | | | | | | | | | | | | | | | | |
| Hole diameter | Hole area | Rows | Holes/Rows | Total holes | Mass flow | Error | Angular spacing | Arc distance | rPintle | Annulus width | | | Hole diameter | Hole area | Rows | Holes/Rows | Total holes | Mass flow | Error | Angular spacing | Arc distance | rPintle | Annulus width | |
| 1,2 mm | 1.1310 | 1 | 13 | 13 | 0.4516 | 3.01% | 27.69 | 2.4732 | 7.60 | 0.86 | | | 1,2 mm | 1.1309734 | 1 | 40 | 40 | 1.325 | 1.86% | 9.00 | \-0.006 | 7.60 | 0.31 | |
| 1,2 mm | 1.1310 | 1 | 13 | 13 | 0.4516 | 3.01% | 27.69 | 3.0855 | 8.87 | 0.75 | | | 1,2 mm | 1.1309734 | 1 | 40 | 40 | 1.325 | 1.86% | 9.00 | 0.193 | 8.87 | 0.27 | |
| 1,2 mm | 1.1310 | 1 | 13 | 13 | 0.4516 | 3.01% | 27.69 | 3.6977 | 10.13 | 0.66 | | | 1,2 mm | 1.1309734 | 1 | 40 | 40 | 1.325 | 1.86% | 9.00 | 0.392 | 10.13 | 0.24 | |
| 1,2 mm | 1.1310 | 1 | 13 | 13 | 0.4516 | 3.01% | 27.69 | 4.3099 | 11.40 | 0.59 | | | 1,2 mm | 1.1309734 | 1 | 40 | 40 | 1.325 | 1.86% | 9.00 | 0.591 | 11.40 | 0.21 | |
| 1,2 mm | 1.1310 | 1 | 13 | 13 | 0.4516 | 3.01% | 27.69 | 4.9221 | 12.67 | 0.53 | | | 1,2 mm | 1.1309734 | 1 | 40 | 40 | 1.325 | 1.86% | 9.00 | 0.790 | 12.67 | 0.19 | |
| 1,2 mm | 1.1310 | 2 | 6 | 12 | 0.4168 | 10.47% | 60.00 | 6.7587 | 7.60 | 0.86 | | | 1,2 mm | 1.1309734 | 2 | 20 | 40 | 1.325 | 1.86% | 18.00 | 1.188 | 7.60 | 0.31 | |
| 1,2 mm | 1.1310 | 2 | 6 | 12 | 0.4168 | 10.47% | 60.00 | 8.0852 | 8.87 | 0.75 | | | 1,2 mm | 1.1309734 | 2 | 20 | 40 | 1.325 | 1.86% | 18.00 | 1.586 | 8.87 | 0.27 | |
| 1,2 mm | 1.1310 | 2 | 6 | 12 | 0.4168 | 10.47% | 60.00 | 9.4116 | 10.13 | 0.66 | | | 1,2 mm | 1.1309734 | 2 | 20 | 40 | 1.325 | 1.86% | 18.00 | 1.983 | 10.13 | 0.24 | |
| 1,2 mm | 1.1310 | 2 | 6 | 12 | 0.4168 | 10.47% | 60.00 | 10.7381 | 11.40 | 0.59 | | | 1,2 mm | 1.1309734 | 2 | 20 | 40 | 1.325 | 1.86% | 18.00 | 2.381 | 11.40 | 0.21 | |
| 1,2 mm | 1.1310 | 2 | 6 | 12 | 0.4168 | 10.47% | 60.00 | 12.0645 | 12.67 | 0.53 | | | 1,2 mm | 1.1309734 | 2 | 20 | 40 | 1.325 | 1.86% | 18.00 | 2.779 | 12.67 | 0.19 | |
| 1,2 mm | 1.1310 | 3 | 4 | 12 | 0.4168 | 10.47% | 90.00 | 10.7381 | 7.60 | 0.86 | | | 1,2 mm | 1.1309734 | 3 | 13 | 39 | 1.292 | 4.31% | 27.69 | 2.473 | 7.60 | 0.31 | |
| 1,2 mm | 1.1310 | 3 | 4 | 12 | 0.4168 | 10.47% | 90.00 | 12.7277 | 8.87 | 0.75 | | | 1,2 mm | 1.1309734 | 3 | 13 | 39 | 1.292 | 4.31% | 27.69 | 3.085 | 8.87 | 0.27 | |
| 1,2 mm | 1.1310 | 3 | 4 | 12 | 0.4168 | 10.47% | 90.00 | 14.7174 | 10.13 | 0.66 | | | 1,2 mm | 1.1309734 | 3 | 13 | 39 | 1.292 | 4.31% | 27.69 | 3.698 | 10.13 | 0.24 | |
| 1,2 mm | 1.1310 | 3 | 4 | 12 | 0.4168 | 10.47% | 90.00 | 16.7071 | 11.40 | 0.59 | | | 1,2 mm | 1.1309734 | 3 | 13 | 39 | 1.292 | 4.31% | 27.69 | 4.310 | 11.40 | 0.21 | |
| 1,2 mm | 1.1310 | 3 | 4 | 12 | 0.4168 | 10.47% | 90.00 | 18.6968 | 12.67 | 0.53 | | | 1,2 mm | 1.1309734 | 3 | 13 | 39 | 1.292 | 4.31% | 27.69 | 4.922 | 12.67 | 0.19 | |
| 1,2 mm | 1.1310 | 4 | 3 | 12 | 0.4168 | 10.47% | 120.00 | 14.7174 | 7.60 | 0.86 | | | 1,2 mm | 1.1309734 | 4 | 10 | 40 | 1.325 | 1.86% | 36.00 | 3.575 | 7.60 | 0.31 | |
| 1,2 mm | 1.1310 | 4 | 3 | 12 | 0.4168 | 10.47% | 120.00 | 17.3703 | 8.87 | 0.75 | | | 1,2 mm | 1.1309734 | 4 | 10 | 40 | 1.325 | 1.86% | 36.00 | 4.371 | 8.87 | 0.27 | |
| 1,2 mm | 1.1310 | 4 | 3 | 12 | 0.4168 | 10.47% | 120.00 | 20.0232 | 10.13 | 0.66 | | | 1,2 mm | 1.1309734 | 4 | 10 | 40 | 1.325 | 1.86% | 36.00 | 5.167 | 10.13 | 0.24 | |
| 1,2 mm | 1.1310 | 4 | 3 | 12 | 0.4168 | 10.47% | 120.00 | 22.6761 | 11.40 | 0.59 | | | 1,2 mm | 1.1309734 | 4 | 10 | 40 | 1.325 | 1.86% | 36.00 | 5.963 | 11.40 | 0.21 | |
| 1,2 mm | 1.1310 | 4 | 3 | 12 | 0.4168 | 10.47% | 120.00 | 25.3290 | 12.67 | 0.53 | | | 1,2 mm | 1.1309734 | 4 | 10 | 40 | 1.325 | 1.86% | 36.00 | 6.759 | 12.67 | 0.19 | |
| 1,2 mm | 1.1310 | 5 | 2 | 10 | 0.3474 | 25.39% | 180.00 | 22.6761 | 7.60 | 0.86 | | | 1,2 mm | 1.1309734 | 5 | 8 | 40 | 1.325 | 1.86% | 45.00 | 4.769 | 7.60 | 0.31 | |
| 1,2 mm | 1.1310 | 5 | 2 | 10 | 0.3474 | 25.39% | 180.00 | 26.6555 | 8.87 | 0.75 | | | 1,2 mm | 1.1309734 | 5 | 8 | 40 | 1.325 | 1.86% | 45.00 | 5.764 | 8.87 | 0.27 | |
| 1,2 mm | 1.1310 | 5 | 2 | 10 | 0.3474 | 25.39% | 180.00 | 30.6348 | 10.13 | 0.66 | | | 1,2 mm | 1.1309734 | 5 | 8 | 40 | 1.325 | 1.86% | 45.00 | 6.759 | 10.13 | 0.24 | |
| 1,2 mm | 1.1310 | 5 | 2 | 10 | 0.3474 | 25.39% | 180.00 | 34.6142 | 11.40 | 0.59 | | | 1,2 mm | 1.1309734 | 5 | 8 | 40 | 1.325 | 1.86% | 45.00 | 7.754 | 11.40 | 0.21 | |
| 1,2 mm | 1.1310 | 5 | 2 | 10 | 0.3474 | 25.39% | 180.00 | 38.5935 | 12.67 | 0.53 | | | 1,2 mm | 1.1309734 | 5 | 8 | 40 | 1.325 | 1.86% | 45.00 | 8.748 | 12.67 | 0.19 | |
| | | | | | | | | | | | | | | | | | | | | | | | | |