| Configuration: N2O Internal - Fuel External | | | | | | | | | | | | | | | |
| ------------------------------------------- | -------- | | -------- | --- | | -------------- | --------- | --------- | -------- | -------- | -------- | | --------- | --------- | ----- |
| | | | | | | | | | | | | | | | | | | |
| nHole | 2.35E+02 | | maxHoles | 234 | | holesPerRow | 234 | 117 | 78 | 58 | 46 | | | | | | | |
| | 1.63E+02 | | | 163 | | | 163 | 81 | 54 | 40 | 32 | | | | | | | |
| | 9.17E+01 | | | 91 | | | 91 | 45 | 30 | 22 | 18 | | | | | | | |
| | 5.87E+01 | | | 58 | | | 58 | 29 | 19 | 14 | 11 | | | | | | | |
| | 4.08E+01 | | | 40 | | | 40 | 20 | 13 | 10 | 8 | | | | | | | |
| | | | | | | | 1 row | 2 rows | 3 rows | 4 rows | 5 rows | | | | | | | |
| rowOptions | 1 | | | | | | | | | | | | | | | | | |
| | 2 | | | | | totalHoles | 234 | 234 | 234 | 232 | 230 | | | | | | | |
| | 3 | | | | | | 163 | 162 | 162 | 160 | 160 | | | 0.3268172 | | | | |
| | 4 | | | | | | 91 | 90 | 90 | 88 | 90 | | | 0.3268172 | | | | |
| | 5 | | | | | | 58 | 58 | 57 | 56 | 55 | | | | | | | |
| | | | | | | | 40 | 40 | 39 | 40 | 40 | | | | | | | |
| rOuter m | 0.007911 | | | | | | | | | | | | | | | | | |
| | 0.009135 | | | | | actualDm | 1.345787 | 1.345787 | 1.345787 | 1.334285 | 1.322782 | | percError | 0.33% | 0.33% | 0.33% | 1.18% | 2.03% |
| | 0.010369 | | | | | | 1.349928 | 1.341646 | 1.341646 | 1.325083 | 1.325083 | | | 0.02% | 0.63% | 0.63% | 1.86% | 1.86% |
| | 0.01161 | | | | | | 1.339806 | 1.325083 | 1.325083 | 1.295637 | 1.325083 | | | 0.77% | 1.86% | 1.86% | 4.04% | 1.86% |
| | 0.012856 | | | | | | 1.334285 | 1.334285 | 1.31128 | 1.288275 | 1.26527 | | | 1.18% | 1.18% | 2.88% | 4.59% | 6.29% |
| | | | | | | | 1.325083 | 1.325083 | 1.291956 | 1.325083 | 1.325083 | | | 1.86% | 1.86% | 4.31% | 1.86% | 1.86% |
| | | | | | | | | | | | | | | | | | | |
| | | | | | | angularSpacing | 1.538462 | 3.076923 | 4.615385 | 6.206897 | 7.826087 | | | | | | | |
| | | | | | | | 2.208589 | 4.444444 | 6.666667 | 9 | 11.25 | | | | | | | |
| | | | | | | | 3.956044 | 8 | 12 | 16.36364 | 20 | | | | | | | |
| | | | | | | | 6.206897 | 12.41379 | 18.94737 | 25.71429 | 32.72727 | | | | | | | |
| | | | | | | | 9 | 18 | 27.69231 | 36 | 45 | | | | | | | |
| | | | | | | | | | | | | | | | | | | |
| | | | | | | | | | | | | | | | | | | |
| | | | | | | arcDistance | rPintle 1 | | | | | | | |
| | | | | | | | \-0.29593 | \-0.09186 | 0.112208 | 0.323314 | 0.538091 | | | | | | | |
| | | | | | | | \-0.30704 | \-0.01047 | 0.2843 | 0.593805 | 0.892257 | | | | | | | |
| | | | | | | | \-0.27525 | 0.26116 | 0.79174 | 1.370555 | 1.8529 | | | | | | | |
| | | | | | | | \-0.17669 | 0.646628 | 1.513274 | 2.410872 | 3.34111 | | | | | | | |
| | | | | | | | \-0.00619 | 1.18761 | 2.473247 | 3.575221 | 4.769026 | | | | | | | |
| | | | | | | | | | | | | | | | | | | |
| | | | | | | | rPintle 2 | | | | | | | |
| | | | | | | | \-0.26192 | \-0.02384 | 0.214242 | 0.460533 | 0.711107 | | | | | | | |
| | | | | | | | \-0.25822 | 0.087789 | 0.431684 | 0.792773 | 1.140966 | | | | | | | |
| | | | | | | | \-0.18779 | 0.43802 | 1.05703 | 1.732314 | 2.295051 | | | | | | | |
| | | | | | | | \-0.03947 | 0.921066 | 1.932153 | 2.979351 | 4.064628 | | | | | | | |
| | | | | | | | 0.192773 | 1.585545 | 3.085455 | 4.371091 | 5.763864 | | | | | | | |
| | | | | | | | | | | | | | | | | | | |
| | | | | | | | rPintle 3 | | | | | | | |
| | | | | | | | \-0.22791 | 0.044185 | 0.316277 | 0.597752 | 0.884122 | | | | | | | |
| | | | | | | | \-0.20939 | 0.186045 | 0.579067 | 0.99174 | 1.389675 | | | | | | | |
| | | | | | | | \-0.10033 | 0.61488 | 1.32232 | 2.094073 | 2.737201 | | | | | | | |
| | | | | | | | 0.097752 | 1.195504 | 2.351032 | 3.547829 | 4.788146 | | | | | | | |
| | | | | | | | 0.39174 | 1.983481 | 3.697662 | 5.166961 | 6.758701 | | | | | | | |
| | | | | | | | | | | | | | | | | | | |
| | | | | | | | rPintle 4 | | | | | | | |
| | | | | | | | \-0.1939 | 0.112208 | 0.418312 | 0.734971 | 1.057137 | | | | | | | |
| | | | | | | | \-0.16056 | 0.2843 | 0.72645 | 1.190708 | 1.638385 | | | | | | | |
| | | | | | | | \-0.01288 | 0.79174 | 1.58761 | 2.455832 | 3.179351 | | | | | | | |
| | | | | | | | 0.234971 | 1.469942 | 2.769911 | 4.116308 | 5.511665 | | | | | | | |
| | | | | | | | 0.590708 | 2.381416 | 4.30987 | 5.962831 | 7.753539 | | | | | | | |
| | | | | | | | | | | | | | | | | | | |
| | | | | | | | rPintle 5 | | | | | | | |
| | | | | | | | \-0.15988 | 0.180231 | 0.520346 | 0.87219 | 1.230152 | | | | | | | |
| | | | | | | | \-0.11174 | 0.382556 | 0.873834 | 1.389675 | 1.887094 | | | | | | | |
| | | | | | | | 0.074583 | 0.9686 | 1.8529 | 2.817592 | 3.621501 | | | | | | | |
| | | | | | | | 0.37219 | 1.74438 | 3.18879 | 4.684787 | 6.235183 | | | | | | | |
| | | | | | | | 0.789675 | 2.779351 | 4.922078 | 6.758701 | 8.748377 | | | | | | | |
| | | | | | | | | | | | | | | | | | | |
| | | | | | | | | | | | | | | | | | | |
| | | | | | | | | | | | | | | | | | | |
| | | | | | | | | | | | | | | | | | | |
| | | | | | | | | | | | | | | | | | | |
| | | | | | | | | | | | | | | | | | | |
| | | | | | | | | | | | | | | | | | | |